0.06562,0.01986,-0.32676
0.07546,0.03207,-0.51626
0.0163,-0.00493,-0.04835
-0.03126,-0.03821,-0.03593
0.07879,0.03183,-0.47747
0.04756,0.01073,-0.23809
0.0111,-0.02027,-0.04745
-0.11041,0.00102,-0.63643
-0.18583,-0.01905,-0.68729
0.05314,0.01764,-0.91469
-0.07158,0.85371,-0.12135
-0.01579,-0.02476,-0.03538
0.02791,-0.0019,-0.1308
-0.00021,-0.01609,-0.04363
0.00947,-0.01414,-0.06426
-0.21758,-0.01273,-0.62518
0.09695,0.05263,-0.8476
0.02767,-0.00865,-0.04463
0.02858,-0.00547,-0.04459
0.10673,0.07178,-0.61761
-0.02335,-0.02021,-1.25063
-0.173,0.47582,-1.22105
-0.16747,0.56372,-0.68193
0.022,-0.00781,-0.04328
0.02304,-0.00656,-0.045
0.00194,-0.01504,-0.05145
-0.06983,0.055,-0.46336
-0.24361,0.17566,-0.8768
-0.10734,0.83365,-0.54578
0.11495,0.09569,-0.53764
0.00214,0.02642,-0.85883
-0.21451,0.06893,-0.97582
-0.00035,0.07039,-0.56199
0.0201,-0.0149,-0.05597
0.0106,-0.01026,-0.04387
-0.02978,-0.03587,-0.03501
0.02822,-0.00617,-0.04651
-0.177,0.5283,-1.14231
0.06169,0.08251,-0.61011
-0.18489,0.97698,-0.07554
0.06708,0.02931,-0.8255
-0.18704,-0.01184,-0.75656
-0.26847,0.13212,-0.677
-0.26379,0.04697,-0.62021
-0.21673,0.3141,-0.53384
0.00308,-0.01951,-0.03898
0.0217,-0.00509,-0.10511
-0.22554,0.33584,-0.68573
-0.00545,-0.01801,-0.04133
-0.10036,0.93806,-0.59959
0.05092,0.01345,-0.27614
0.00086,-0.02763,-0.05065
0.09945,0.05911,-1.00256
0.03099,-0.00458,-0.0424
0.07524,0.00086,-0.90913
-0.26292,-0.00686,-0.6903
0.00858,-0.00902,-0.0448
-0.17485,0.62412,-1.26362
-0.02,-0.03324,-0.03498
0.09352,0.04752,-0.69502
0.10161,0.06033,-0.98072
-0.24858,0.11637,-0.5484
-0.10644,0.97176,-0.67555
0.00529,-0.02493,-0.05372
-0.13349,0.12171,-1.28089
-0.21913,0.06094,-0.49134
-0.14677,0.62091,-0.5645
0.02862,-0.00604,-0.03987
0.00887,-0.00882,-0.05485
0.00663,-0.00479,-0.02612
0.02045,0.04383,-1.23952
-0.23421,0.13998,-0.94114
-0.13711,0.76797,-0.68818
-0.19395,0.44216,-0.608
-0.08805,1.15858,-0.18034
-0.17529,0.02824,-1.01352
-0.22617,0.05375,-0.89506
0.01799,-0.01504,-0.04673
0.00441,-0.01319,-0.05133
-0.02799,-0.03608,-0.03361
0.09824,0.06654,-1.19661
0.03831,0.02541,-0.8823
0.08439,0.06609,-0.7004
-0.12329,0.00566,-0.97663
-0.0036,-0.02415,-0.03691
0.02963,-0.00278,-0.05024
-0.13476,0.73614,-0.63607
0.03911,0.00115,-0.14315
-0.13008,0.46551,0.00031
0.03014,0.00137,-0.05294
0.05371,-0.00377,-0.83866
-0.22119,0.29721,-0.95767
-0.09895,0.01376,-0.90953
-0.09373,0.80596,-0.09346
-0.08861,0.79174,-0.45287
-0.17234,0.59076,-0.76622
-0.0253,-0.0322,-0.03354
0.02591,-0.01128,-0.05936
-0.1577,0.75026,-0.84795
-0.07068,0.97922,-0.47208
-0.2147,0.38688,-0.76959
0.03521,-0.00154,-0.05391
0.03943,-0.01121,-0.06338
0.03339,0.11335,-0.32738
0.02721,-0.00284,-0.04942
0.07671,0.00509,-0.89579
-0.15399,0.09405,-1.15641
0.02484,-0.00867,-0.03756
-0.02004,0.02957,-0.78549
-0.05691,0.58731,-0.20292
0.02414,-0.00016,-0.0513
0.03234,-0.01155,-0.06374
0.06393,0.00427,-0.94337
-0.22773,0.1847,-0.47616
0.01229,-0.00888,-0.06549
0.08606,0.04179,-0.60317
-0.01387,-0.02981,-0.0333
0.03063,-0.00494,-0.05291
0.03029,-0.00191,-0.05414
-0.02037,-0.02946,-0.03824
-0.19019,0.64622,-0.99666
0.03263,-0.0022,-0.05502
-0.16997,0.07094,-1.08241
0.02686,-0.00014,-0.05061
-0.01792,1.16497,-0.25813
-0.18505,0.16116,-1.1305
0.0342,-0.00519,-0.04255
-0.15392,0.55331,-0.48586
-0.04092,0.85199,-0.35916
0.01525,2.26538,-0.66385
-0.02574,0.94295,-0.19474
-0.07737,1.0344,-0.15856
-0.01499,1.04904,-0.3798
-0.11812,0.60718,-0.40133
-0.22005,0.35432,-0.88428
0.03833,-0.02111,-1.05967
-0.145,0.32541,-1.33517
-0.17429,0.66209,-0.90359
0.0068,-0.01043,-0.04793
-0.03573,0.01886,-0.91547
-0.26911,0.11072,-0.74862
0.03024,-0.00255,-0.05452
-0.18026,0.01266,-0.92869
0.04273,0.00018,-0.04015
-0.08547,1.17204,-0.73204
-0.00048,-0.02895,-0.05228
0.02564,-0.00886,-0.05031
0.03147,0.00072,-0.05275
-0.14662,0.85628,-0.88828
0.02312,-0.01177,-0.05337
0.00498,-0.01144,-0.04213
-0.1795,0.31282,-1.19095
0.02511,-0.00455,-0.04771
0.09551,0.05617,-0.93108
0.08499,0.04823,-0.98183
-0.16318,0.37336,-1.26912
-0.24232,0.91893,-1.61057
-0.11281,0.66884,-0.05044
0.0442,0.00618,-0.20258
0.06688,0.02297,-0.37251
-0.07843,0.77288,-0.10112
-0.01746,-0.02848,-0.02921
-0.19401,0.48451,-0.97046
-0.15538,1.01522,-0.96802
0.04529,-0.00812,-0.06353
-0.01857,-0.02962,-0.03221
0.01922,-0.00218,-0.04945
-0.1124,0.11811,-1.34343
0.03079,-0.00575,-0.05607
0.01427,-0.01765,-0.04905
-0.19533,0.50648,-0.84034
-0.12083,0.02249,-1.05933
0.01846,-0.00749,-0.04552
0.03,-0.00201,-0.05243
-0.146,0.11646,-1.22191
-0.20452,0.13773,-1.05955
-0.16895,0.19672,-1.20135
0.02934,-0.00233,-0.05423
0.02771,-0.00674,-0.06101
0.06885,0.02721,-0.45074
-0.11158,0.42752,-0.26437
-0.00428,-0.03398,-0.0503
0.02945,-0.00173,-0.05398
-0.03222,1.31613,-0.25675
0.02725,-0.0072,-0.04835
0.02009,-0.01369,-0.05184
-0.12163,0.04666,-1.12425
-0.04571,1.17987,-0.4573
0.09554,0.07003,-1.34355
0.03794,0.01928,-1.95918
-0.11645,0.18901,-1.38568
-0.01789,-0.03089,-0.03766
-0.15479,0.2484,-1.2727
-0.2027,0.36495,-1.04435
-0.1255,0.59578,-0.02306
0.02452,-0.00517,-0.05331
-0.1594,0.01787,-0.51038
-0.01035,-0.02535,-0.03928
-0.1779,0.71546,-1.61982
-0.19893,0.27619,-1.10577
0.00089,-0.00162,-0.00718
0.02863,-0.00395,-0.04872
-0.12345,0.95215,-0.78224
0.06427,-0.0172,-0.06278
-0.07048,1.1502,-0.63259
0.03312,-0.00592,-0.26
-0.17998,1.09946,-1.08078
-0.18387,0.70435,-1.05195
0.00546,-0.01979,-0.0351
-0.24451,0.22805,-0.60802
-0.00017,-0.02869,-0.04931
0.01046,-0.02213,-0.06032
0.00402,-0.02609,-0.0322
-0.24755,0.22188,-0.81062
0.00344,-0.02921,-0.05345
0.02965,-0.00701,-0.05471
0.0922,0.06191,-1.212
-0.33219,-0.16377,-2.42002
0.02665,-0.00504,-0.04672
0.03449,-0.01154,-0.0636
0.01746,-0.00684,-0.04668
0.08578,0.0443,-0.73306
-0.22132,0.19382,-1.01125
0.02182,-0.00302,-0.04921
-0.02645,0.77845,-0.18239
0.00853,-0.01252,-0.06636
-0.15333,0.41768,-0.3593
0.0597,-0.0225,-0.04561
-0.18998,0.36509,-0.44673
0.02876,0.00076,-0.05206
0.02074,-0.00198,-0.04985
0.00469,-0.00232,-0.02615
0.07546,0.05534,-1.61344
0.04161,0.00643,-0.29655
-0.17793,0.70154,-1.15613
0.01477,-0.00982,-0.04371
-0.07288,1.31453,-0.65115
-0.01478,1.20376,-0.35222
-0.07526,1.06662,-0.56013
-0.18317,0.54235,-1.05722
0.02036,-0.01275,-0.03376
-0.13732,0.00747,-0.58106
-0.1062,0.32367,0.01367
-0.151,0.58662,-1.49012
0.07377,0.03974,-1.31826
-0.04859,0.00286,-0.99248
-0.11537,0.99666,-0.11782
-0.13358,0.47739,-1.57541
0.06163,-0.00518,-0.06616
0.07732,-0.0205,-0.06187
0.01532,1.07013,-0.28984
-0.15268,0.5839,-1.56771
0.02482,-0.00054,-0.05029
0.03749,-0.00943,-0.05905
-0.06491,0.43272,-0.19031
-0.01517,-0.04019,-0.05335
0.05428,-0.01434,-0.06093
-0.02927,-0.05042,-0.05265
-0.00552,-0.03263,-0.0501
0.00532,-0.02608,-0.04717
-0.16903,0.71673,-1.44586
0.02012,-0.01588,-0.04402
0.02386,-0.00805,-0.18973
0.06656,0.02285,-0.59306
-0.10979,1.30229,-0.20575
-0.17985,0.77253,-1.31985
0.03102,-0.00282,-0.05245
0.04518,-0.01278,-0.06263
-0.13085,1.24701,-0.89046
0.02288,-0.006,-0.05368
-0.12187,1.11117,-0.86723
0.04698,-0.01165,-1.12445
0.03621,0.00356,-0.21177
-0.03329,0.00679,-1.14383
0.02977,-0.00162,-0.05108
-0.00178,-0.01445,-0.02212
-0.05319,1.25838,-0.5484
-0.18404,0.19184,-1.87202
0.00144,-0.0133,-0.04201
0.06471,0.06432,-1.34672
-0.01418,0.86372,-0.26972
0.02109,-0.00695,-0.05394
0.02234,-0.01053,-0.05685
0.08459,0.04096,-0.66829
-0.07312,0.094,-0.25894
0.1383,0.05225,-0.08591
0.06461,-0.01196,-0.06531
0.0087,0.02235,-1.75716
-0.18686,0.85552,-1.4775
-0.0847,0.26568,-0.02153
-0.14353,0.34801,-1.78913
0.06411,0.01736,-1.08508
-0.08716,1.38691,-0.28143
0.0201,0.01348,-2.2022
0.01866,-0.00608,-0.09616
0.06999,0.0233,-0.78228
-0.07529,0.1421,0.03078
-0.04429,0.00858,-1.20184
-0.12076,0.05835,-1.19671
0.11441,0.05371,-0.66623
-0.1356,0.47571,-1.50166
0.05105,0.01126,-0.41115
0.00988,-0.01354,-0.07545
-0.09127,1.28584,-0.80175
0.00973,-0.01947,-0.03175
-0.22941,0.01025,-0.55917
-0.07796,0.63082,-0.30328
0.02466,-0.02177,-0.14324
0.02049,-0.00596,-0.13778
-0.09914,0.24296,0.02544
-0.10036,0.59278,-0.05307
-0.13396,0.20117,-1.32722
-0.07351,1.55028,-0.53654
0.06126,0.00555,-0.06591
-0.06221,1.40165,-0.54449
0.08348,0.02069,-0.07426
-0.16104,0.51759,-1.31999
-0.18467,0.80259,-1.39586
-0.16337,0.6631,-1.37399
-0.17536,0.83682,-1.01742
0.04823,-0.00922,-0.03889
0.01276,-0.0071,-0.0469
0.03723,-0.00671,-0.04027
0.03061,-0.01492,-0.0555
0.03483,-0.01098,-0.06167
-0.18535,-0.1584,-2.07741
0.08972,-0.00801,-0.0644
-0.0589,1.32314,-0.45602
-0.15367,1.12401,-0.13601
0.01066,-0.0489,-0.13431
-0.27682,-0.22439,-2.32424
-0.09969,0.10983,-1.50065
-0.19572,1.16513,-0.11955
-0.05912,0.04507,-0.5206
-0.12277,0.37435,-1.53753
0.04853,0.00242,-0.03784
0.0,0.0,0.0
0.00045,-0.00459,-0.01701
-0.14306,0.2333,-0.24579
0.01422,-0.00357,-0.03655
-0.11661,1.48906,-0.78754
-0.14358,-0.05988,-1.97351
0.03295,-0.00884,-0.0579
0.01046,-0.02536,-0.05559
0.02082,-0.00208,-0.04489
-0.13661,0.38824,0.02371
0.03757,0.00256,-0.05764
-0.20545,0.22167,-0.39812
-0.12277,0.65372,-0.0405
0.01451,-0.01387,-0.10127
0.04652,0.00052,-0.41485
0.04173,-0.0137,-0.03734
0.0621,-0.015,-0.04984
-0.10768,0.14136,-1.55124
0.01319,-0.00867,-0.04537
0.02303,-0.00176,-0.04676
-0.81807,-0.37156,-3.77581
0.03431,-0.00906,-1.63706
-0.14705,0.57076,-0.002
0.07221,-0.01476,-0.05717
0.03296,-0.01276,-0.05154
-0.06969,-0.07135,0.08806
-0.15757,1.14915,-0.98274
0.04358,-0.02623,-0.78217
0.09255,0.02435,-0.07529
0.03209,-0.00073,-0.05446
0.00581,-0.02559,-0.05583
-0.08594,1.41666,-0.37405
0.01771,-0.00377,-0.04852
0.03547,-0.01068,-0.03863
0.00941,-0.01383,-0.07187
0.02759,-0.00356,-0.05338
-0.09961,0.38469,-0.02825
0.01234,-0.02289,-0.04422
-0.19302,0.81732,-1.56506
-0.10416,-0.12312,-1.96309
0.00046,-0.01766,-0.04677
-0.10406,1.65438,-0.49124
-0.21655,0.02025,-0.82786
-0.08822,1.40301,-0.73139
-0.60396,-0.32167,-3.19253
0.11992,0.1492,-0.10038
0.0016,-0.0031,-0.01242
-0.1771,0.86044,-1.1087
0.03988,-0.0299,-0.01965
0.07743,-0.02526,-0.06004
-0.17266,0.94872,-1.05006
-0.13977,0.10567,-0.27687
-0.12476,0.46877,-0.002
-0.12325,0.41776,-1.70033
0.08401,-0.03114,-0.06874
0.05304,0.06887,-1.53145
0.00054,-0.05386,0.0162
0.0529,-0.0009,-0.58827
0.02211,-0.04632,-0.25532
-0.14309,0.5419,-1.41637
0.09564,0.01283,-0.08334
-0.01257,-0.02704,-0.02571
-0.15787,0.58751,-1.64532
-0.19902,0.82526,-0.03057
0.01223,0.08451,-0.44039
-0.73097,-0.31886,-3.49419
-0.13717,0.45096,0.00785
-0.01692,-0.04023,-0.02822
0.022,-0.02642,-0.05189
-0.20721,0.09278,-0.4183
-0.25076,0.01555,-0.76259
0.00451,-0.0102,-0.02494
0.00194,-0.00138,-0.00488
-0.00044,-0.03068,-0.05771
-0.27495,-0.14136,-2.27406
-0.17957,0.87836,-1.23446
-0.10529,0.00685,-0.72769
-0.16195,0.57885,-1.69578
0.03744,-0.01926,-0.03533
-0.13498,1.46865,-0.3158
0.0052,-0.01113,-0.04275
-0.05829,0.27594,-0.08237
-0.16911,1.45143,-0.24548
-0.1704,0.81117,-0.04595
-0.22902,1.19244,-0.09745
0.03458,-0.09746,-0.00091
-0.08209,-0.00472,-1.8711
0.05649,0.0094,-0.04727
-0.10355,-0.02777,-1.61244
-0.00886,-0.0294,-0.02818
0.03603,0.00303,-0.98588
-0.03834,-0.01687,0.03609
-0.16982,1.02937,-1.16194
-0.17566,0.2446,-0.32054
-0.18393,-0.19469,-0.08066
0.06744,0.0054,-0.07255
0.02318,-0.02582,-0.16533
0.18111,-0.09234,-1.92538
0.07917,-0.02945,-0.05546
-0.21007,-0.2998,-0.14678
-0.08663,1.53111,-0.65617
0.08226,-0.02612,-0.06691
-0.14758,0.05311,-0.43373
-0.12819,0.28235,-1.77834
-0.06562,0.57334,-0.118
-0.07942,0.0296,-1.16895
-0.13954,1.38975,-0.8647
0.02857,0.00031,-0.05176
-0.0787,0.23907,0.01415
-0.02861,-0.08118,-0.06805
0.03756,-0.01605,-0.33789
-0.3243,-0.38767,-2.47881
0.04203,-0.02077,-0.54253
0.01294,-0.00669,-0.04701
-0.09557,0.03382,-1.24411
0.08022,0.10996,-0.51252
0.03275,-0.0003,-0.05565
-0.24637,1.0332,-1.47301
0.03885,-0.00908,-0.0661
-0.07509,0.42011,-0.0847
-0.11696,1.52635,-0.39987
0.01715,-0.03318,-1.77329
0.09219,-0.03958,-0.06441
0.03475,-0.06153,-0.71414
-0.18162,0.69599,-0.01414
-0.0875,1.44137,-0.45524
0.0792,0.06215,-1.76964
0.09128,-0.18583,-1.84554
0.15453,0.06049,-0.09096
0.04902,-0.00351,-0.07025
0.10543,0.10979,-1.78831
-0.35737,-0.21618,-2.5116
-0.12512,0.06717,-0.3619
-0.00103,-0.0047,-0.00718
-0.01002,0.03065,-0.01036
0.00262,-0.00034,-0.00104
0.0139,-0.00801,-0.06052
0.13699,-0.08103,-0.0834
0.03625,-0.00362,-0.03604
0.06759,-0.00843,-0.06353
-0.25832,0.82644,-1.68177
0.03513,-0.00894,-0.03635
-0.10784,0.13065,-1.82505
-0.1359,0.48656,-1.64966
0.05528,-0.01556,-0.04515
0.00757,-0.05237,-0.06742
-0.00001,-0.01458,-0.04139
0.06042,-0.0067,-0.075
-0.1023,0.20262,0.03397
0.0,0.0,0.0
0.03137,-0.01749,-0.0556
-0.11082,0.05659,-1.29624
-0.11205,0.22772,0.04126
0.01603,-0.03079,-0.10986
-0.01657,-0.02424,-0.0164
-0.14119,0.48391,0.01029
-0.20015,0.86961,-0.04037
-0.00411,0.05678,-0.63331
-0.1127,0.24643,0.02553
-0.12893,0.48126,-0.00223
0.00613,-0.03195,-0.05116
0.00122,-0.00622,-0.02487
0.00478,-0.04015,-0.04425
-0.05817,0.33818,-0.12783
-0.09129,0.03572,-1.5137
0.01696,-0.00335,-0.04884
-0.45994,-0.37866,-2.83566
-0.20217,1.45301,-0.18971
-0.05469,0.00037,-1.25877
-0.5732,-0.34775,-3.12254
-0.24531,1.35434,-1.04607
-0.06969,0.02099,-1.10843
0.00247,-0.04702,-1.94529
0.07052,-0.01398,-0.06201
-0.12853,0.2912,-1.39706
-0.18449,1.04994,-1.25915
0.07583,0.01063,-0.07668
0.07239,0.00064,-0.0689
-0.18122,-0.24006,-0.12465
-0.08306,0.19603,-0.19985
-0.09606,0.18369,0.01846
0.05951,-0.02046,-0.04881
0.00813,-0.00954,-0.04421
0.02841,-0.01128,-0.03453
-0.18992,0.09847,-0.34269
0.02503,-0.00299,-0.05188
-0.00045,0.0742,-0.01902
0.00124,-0.02237,-0.03188
-0.01847,-0.04858,-0.03848
0.07995,0.04622,-0.86978
0.0139,-0.00526,-0.04749
-0.12226,1.60976,-0.71444
0.00551,-0.03167,-0.03931
0.03204,-0.05224,-0.52817
-0.44512,-0.23484,-2.74341
-0.1121,0.15499,-1.60837
-0.48189,-0.30596,-2.86328
0.03956,-0.03756,-1.03616
-0.00065,-0.00441,-0.00827
-0.02727,-0.05556,-0.02861
0.01387,-0.00523,-0.04036
-0.1899,1.29644,-0.17751
-0.00415,-0.01144,-0.01753
-0.10221,0.33236,0.00742
0.09875,2.59892,-0.8349
-0.41047,-0.31484,-2.68107
-0.13631,1.62185,-0.33834
-0.3386,-0.32574,-2.50333
0.06225,0.00984,-0.07725
-0.91517,-0.36046,-4.00193
0.11006,0.11466,-0.45359
0.01859,-0.00409,-0.05241
-0.15107,-0.23594,-2.07698
-0.58205,-0.40098,-3.17153
-0.87208,-0.33239,-3.81654
-0.05023,0.08556,-0.31551
-0.0218,-0.0867,-0.07946
-0.00049,-0.01281,-0.02789
-0.05519,0.02125,-0.85252
-0.02317,-0.07699,-1.36497
-0.04696,1.32329,-0.34651
0.00236,0.00112,0.00412
0.0,0.0,0.0
-0.11089,0.31714,0.01469
-0.09567,-0.3816,-2.10468
0.00093,-0.0027,-0.00909
-0.0621,0.15722,-0.05524
0.13064,0.0381,-0.08671
-0.04963,-0.04905,0.06887
-0.01848,-0.04754,-0.03681
-0.0454,0.07431,-0.38389
0.14579,-0.07992,-0.08765
-0.13291,0.34125,0.02992
-0.00308,-0.03103,-0.03128
-0.00792,0.0315,0.00241
-0.33302,1.33913,-1.17228
0.0309,-0.00443,-0.05488
-0.05783,-0.02133,0.0613
-0.23595,0.47527,-1.78836
-0.01228,-0.02378,-0.02089
-0.0553,-0.08244,-0.04949
-0.22679,1.37129,-0.13765
0.06642,0.02461,-0.39849
-0.09133,0.09026,-1.39112
-0.24095,1.17267,-0.08963
-0.1642,0.10508,-1.91231
-0.21082,0.7808,-1.64319
0.10823,-0.05692,-0.07037
-0.17201,0.64212,-0.00921
0.00787,-0.03497,-0.07065
0.33279,3.49088,-1.28058
0.0815,0.00695,-0.07112
0.06837,0.01204,-0.05824
0.07909,-0.0117,-0.06173
-0.10721,0.32772,0.01573
0.01926,-0.00383,-0.0546
0.06762,-0.0126,-0.04968
-0.21378,1.14376,-1.16617
0.05536,-0.02265,-0.04966
-0.00239,-0.00655,-0.00576
-0.12435,1.67642,-0.36554
0.10817,0.0325,-0.08208
-0.04274,-0.07527,-0.05034
-0.1445,0.01465,-0.85614
0.13954,0.1467,-0.30117
0.01302,0.10215,-0.27006
0.10518,0.01595,-0.06631
-0.19718,0.91085,-1.33364
0.00618,-0.00846,-0.02643
0.0141,-0.00435,-0.03978
-0.09659,-0.11367,-0.04808
-0.04666,-0.02402,0.04847
-0.12114,1.7698,-0.76586
0.02587,0.14922,-0.19317
0.20005,-0.11373,-0.12071
-0.21736,1.21714,-1.07225
-0.00734,-0.02622,-0.03074
-0.24183,-0.29673,-2.27002
0.0,0.0,0.0
0.08204,-0.0563,-0.0297
0.0,0.0,0.0
-0.11926,0.39637,-1.61523
-0.01397,-0.02386,-0.03041
0.06295,-0.02154,-0.0642
-0.13595,0.1773,-1.82735
-0.03858,-0.02429,-1.30334
-0.1163,-0.20276,-0.1594
0.0372,0.00257,-0.07525
-0.10063,0.05079,-1.55541
0.06337,-0.06643,-0.03836
-0.12798,0.0281,-1.74261
0.00451,0.00011,0.00082
0.11266,-0.08125,-0.06019
-0.03058,-0.10503,-0.09602
-0.01832,-0.02727,-0.03266
0.23071,-0.13474,-0.13789
-0.02873,-0.05434,-0.03463
0.01927,-0.00355,-0.05663
0.00915,-0.07087,-0.09935
-0.20508,1.29816,-0.16878
-0.10636,0.01432,-0.79943
-0.22871,1.00071,-0.05712
-0.10832,0.36318,0.0117
0.02778,0.08526,-0.49762
-0.23131,1.14574,-1.25659
-0.04411,0.3811,0.00226
-0.20749,1.03019,-0.07136
-0.11967,1.67976,-0.4203
0.0708,-0.00463,-0.04916
0.12514,0.06582,-0.60566
-0.0754,1.90832,-0.44943
0.01865,-0.00385,-0.05164
-0.00331,-0.03224,-0.04594
-0.04687,2.0226,-0.52066
-0.05806,-0.07399,0.08467
-0.13696,-0.1641,-0.08522
0.08161,0.00585,-0.06875
-0.69788,-0.34459,-3.44462
0.0,0.0,0.0
0.07712,0.11717,-0.11877
-0.04141,0.1349,-0.18632
-0.0008,-0.02519,-0.0304
-0.08832,-0.14032,0.14036
0.0053,-0.03329,-0.0433
-0.09985,-0.15422,0.1569
-0.07905,-0.09696,-0.04873
-0.10629,0.18014,-1.44703
-0.09883,-0.11626,-0.05156
0.0,0.0,0.0
-0.0244,-0.052,-0.03661
-0.11045,0.20181,-1.66308
-0.19078,-0.02297,-2.01504
-0.01648,0.13415,-0.13273
-0.41259,-0.24203,-2.66009
0.00015,-0.00093,-0.00314
-0.78395,-0.3136,-3.57664
-0.00994,-0.03189,-0.02115
0.06898,-0.02655,-0.05792
-0.16916,0.10056,-1.92292
0.12688,-0.01318,-1.83821
-0.00047,0.00027,0.00647
-0.11558,0.25716,-1.74735
-0.18961,0.35798,-1.80781
-0.0009,-0.00626,-0.02512
-0.17236,1.28001,-0.96173
0.08218,0.01211,-0.07154
0.07516,0.03275,-0.52592
0.00114,-0.01102,-0.02361
-0.17392,0.6469,-0.01022
-0.10268,-0.16202,0.16174
-0.09512,1.65793,-0.59228
-0.57458,-0.4632,-3.18813
0.08874,0.13103,-0.35807
0.0838,0.01791,-0.84022
-0.12952,-0.2134,0.20064
0.01484,-0.03629,-0.12286
-0.11921,-0.13567,-0.04968
-0.20921,0.91944,-0.05081
0.01563,-0.00481,-0.04796
0.08036,-0.03061,-0.05673
-0.0109,-0.03353,-0.02556
0.09116,0.01211,-0.06991
0.00295,-0.0358,-0.05716
-0.1776,-0.06436,-1.9457
0.02938,-0.03324,-0.33412
-0.0602,0.02509,0.04627
0.05193,-0.02504,-0.04965
0.10522,0.13632,-0.28853
0.0801,0.13616,-0.17209
0.09808,0.02079,-0.07954
-0.04279,-0.038,0.03793
-0.08155,0.09094,0.03726
-0.18439,0.01403,-1.98172
-0.10757,0.02116,-1.6143
-0.07729,0.03481,-1.42936
0.0751,-0.03131,-0.06423
-0.14496,1.68065,-0.28048
0.0,0.0,0.0
-0.1077,-0.1294,-0.06472
-0.06498,-0.14518,-0.13618
0.02769,-0.00299,-0.05397
0.07813,-0.01037,-0.05575
-0.04363,0.22088,-0.13151
-0.00217,2.19732,-0.5526
0.06952,0.00413,-0.06182
-0.14941,0.06464,-1.90155
0.0093,-0.00493,-0.03538
0.00841,-0.00895,-0.03535
-0.14929,1.68289,-0.33017
0.07367,0.04096,-0.74888
-0.1151,0.08017,-1.64477
0.0011,-0.00098,-0.00456
0.24637,-0.24218,-2.08472
0.03403,0.00054,-0.03101
-0.01379,-0.02693,-0.02695
-0.79168,-0.30367,-3.47749
0.00631,-0.01486,-0.05289
-0.00819,-0.02632,-0.02873
0.04195,0.00688,-0.2219
-0.00074,-0.00116,-0.00058
-0.09586,1.83356,-0.50612
-0.00628,-0.01824,-0.01938
-0.07072,0.1402,0.02677
-0.3237,1.31297,-1.3478
-0.00893,-0.0304,-0.0267
-0.0009,-0.00438,-0.00787
0.0791,0.10492,-0.43859
0.01058,0.01469,-0.94772
-0.41226,-0.407,-0.20253
-0.02173,0.28908,0.01354
-0.02152,-0.0333,-0.02335
-0.03182,-0.12431,0.07848
-0.02618,-0.00643,0.02271
-0.21633,0.94531,-1.42256
-0.02328,-0.04951,-0.02252
-0.02819,-0.0524,-0.03303
-0.19076,1.59463,-0.27788
-0.01055,-0.03141,-0.02503
-0.10202,-0.18717,-0.12267
-0.09112,0.09816,-1.44852
0.01508,-0.05456,-0.18422
0.06374,0.00761,-0.07281
0.1544,0.02429,-0.06099
0.02594,-0.06868,-0.38173
-0.05038,-0.08633,-0.09419
-0.69159,-0.3683,-3.44524
-0.06772,-0.03014,0.08119
0.08646,0.00973,-0.0657
-0.43242,-0.43652,-2.77403
0.00255,0.00085,0.00345
-0.2104,-0.30778,-0.18686
-0.18962,2.04436,-1.0009
-0.00192,2.23461,-0.67686
0.0,0.0,0.0
-0.13166,-0.22158,-0.13377
0.01747,-0.00318,-0.04277
-0.00742,0.06009,-0.03889
0.02936,-0.06099,-1.33299
0.05019,0.09769,-0.08395
0.01881,-0.00295,-0.04777
0.06917,-0.00034,-0.06591
-0.06091,-0.07886,0.08812
-0.04404,0.15773,-0.09255
-0.07871,-0.11316,0.10972
-0.39187,-0.5357,-0.38542
-0.08816,0.46423,0.00052
-0.09591,1.82844,-0.59925
0.03183,-0.09372,-1.79831
-0.01346,-0.00884,-1.17448
-0.08358,-0.10336,-0.04659
-0.05381,-0.22463,-1.96206
0.02468,-0.00204,-0.06168
-0.13819,0.48585,0.00381
0.0,0.0,0.0
-0.00025,-0.0011,-0.00283
-0.00707,-0.02053,-0.04014
0.12384,0.07101,-0.59589
-0.1804,-0.25763,-0.18668
-0.25167,-0.07998,-2.17747
0.00146,-0.00023,0.00228
0.0328,0.09857,-0.04984
0.01125,-0.00513,-0.03774
0.00928,-0.02932,-0.07302
0.07028,0.19792,-1.75984
-0.07717,0.21069,0.01841
-0.18698,-0.1988,-0.0881
-0.00125,-0.013,-0.00563
-0.0005,-0.00272,0.00029
-0.23149,1.05958,-1.35252
0.00277,-0.03597,-0.04474
0.00125,-0.00709,-0.01765
-0.16981,2.05487,-0.43669
-0.30418,1.42701,-1.07754
0.11403,0.01816,-0.06775
0.05674,-0.00438,-0.9768
0.124,-0.08254,-0.06304
-0.09304,-0.09113,-1.61708
-0.22125,0.88899,-0.03654
-0.36831,-0.16959,-2.51713
0.08874,0.05978,-0.71685
0.03681,-0.0025,-0.03404
0.03211,-0.01724,-0.02147
0.14602,-0.07646,-0.09209
-0.09123,-0.02661,-1.56278
-0.01168,-0.02308,-0.02564
-0.5081,-0.2467,-2.90935
0.01832,-0.00444,-0.04976
-0.03033,-0.05441,-0.02654
0.02807,0.08639,-0.04315
-0.20249,1.2825,-0.16927
0.0,0.0,0.0
0.0349,-0.10141,-0.77683
-0.12444,-0.19721,0.18237
-0.06371,2.01946,-0.60649
-0.23796,-0.211,-0.11168
-0.50521,-0.23777,-2.89139
-0.01815,-0.04694,-1.29901
0.00406,-0.00965,-0.00043
-0.1546,-0.17427,-0.08189
-0.32072,-0.37276,-0.19649
-0.0082,-0.02012,-0.03999
0.12866,0.11275,-0.40254
-0.09031,0.48905,-0.00041
-0.01703,-0.04351,-0.02321
-0.0922,1.94178,-0.6948
-0.05847,0.00815,-1.0508
0.16021,-0.23844,-1.96286
0.1381,0.02298,-0.06166
0.01106,0.03978,-0.01975
-0.16363,0.23851,-1.88155
0.02823,0.03251,-0.80606
0.0,0.0,0.0
0.0,0.0,0.0
0.01614,-0.46045,-2.02902
0.00585,-0.02821,-0.05321
-0.34868,-0.45004,-2.54422
-0.19726,-0.29614,-0.2173
0.11028,0.0177,-0.06548
0.03245,-0.03851,-1.12453
-0.22459,0.93526,-1.53993
0.02498,2.31777,-0.66374
0.07054,0.01509,-0.07221
-0.00581,0.10249,-0.08914
0.03965,-0.00662,-0.05764
-0.16433,-0.04055,-1.83903
-0.07609,0.01236,-1.30002
0.0389,2.41298,-0.69068
0.02751,-0.00066,-0.0706
-0.30455,0.29746,-1.87845
-0.27321,1.24994,-1.1493
-0.00858,-0.01867,-0.01845
-0.11855,0.14763,-1.71921
0.02798,-0.00026,-0.0716
-0.45175,-0.5208,-0.32906
-0.08744,0.08345,-0.00904
-0.07543,0.03475,-1.36619
-0.0041,-0.02156,-0.0268
-0.01611,0.00232,0.01872
-0.27487,1.02103,-1.61917
0.0156,0.05022,-0.02564
-0.00166,0.0244,0.00065
-0.14984,-0.2508,0.23254
-0.02956,-0.05897,-1.35362
-0.01029,-0.03678,-0.01976
0.0,0.0,0.0
-0.27865,1.20162,-1.32504
-0.0595,-0.08179,-0.03054
-0.28529,1.63214,-1.06073
-0.18012,-0.19801,-0.0926
-0.27135,1.13708,-1.42101
-0.18086,0.00403,-1.96486
0.03367,-0.01656,-1.52912
0.02526,0.11694,-0.11567
-0.07652,2.00601,-0.48225
0.07648,-0.03173,-0.06883
0.01738,-0.01125,-0.04084
0.02282,-0.07324,-0.30551
0.04085,-0.00464,-0.03414
-0.00385,-0.02912,-1.21924
0.0012,-0.01753,-0.04114
0.12199,0.13877,-0.18889
-0.04293,0.13613,-0.00541
-0.03121,0.00785,0.02064
-0.15267,1.57536,-0.85217
-0.04302,-0.07176,0.01937
-0.00291,-0.00524,-0.02719
0.00769,-0.00486,-0.02925
-0.15879,1.57922,-0.29063
-0.12974,-0.18184,-0.12444
-0.26985,-0.08937,-2.23034
0.0,0.0,0.0
0.03047,-0.00697,-0.02115
0.15733,-0.08514,-0.09752
-0.14756,-0.25333,-0.21498
0.12826,-0.0689,-0.07942
0.02156,0.08645,-0.04265
-0.0117,0.27979,0.00939
-0.06219,-0.0137,-1.39767
0.46737,0.02524,0.02917
-0.07233,-0.04324,0.08791
-0.5287,-0.50918,-0.26119
-0.07944,-0.02068,-1.49581
0.10597,0.04106,-0.07696
-0.27219,-0.35948,-0.16965
0.0,0.0,0.0
0.03767,-0.09049,-0.88089
-0.00037,-0.02284,-0.08404
-0.00387,-0.01008,-0.00897
0.09314,0.01616,-0.05548
-0.22436,-0.35044,-2.2294
-0.01432,-0.03319,-0.02463
-0.27907,-0.28693,-0.13572
-0.01691,-0.03133,-0.02339
0.0,0.0,0.0
0.03974,0.0071,-0.13938
-0.22411,-0.03005,-2.09433
0.05866,-0.27363,-1.88958
-0.10844,0.31166,-1.6828
0.00924,0.22546,0.0103
0.1037,0.04968,-0.69443
0.05827,0.04926,-0.71024
0.03016,0.05425,-0.05638
0.03058,0.00139,-0.08927
0.0839,0.12351,-0.25146
-0.21748,-0.28457,-0.17519
-0.53873,-0.26871,-2.9997
-0.09332,0.10671,-1.44923
0.09397,0.01559,-0.06957
-0.05102,0.1171,0.02
-0.13609,-0.22438,0.212
-0.00122,-0.00445,-0.00475
0.0,0.0,0.0
0.02826,-0.08792,-0.3689
0.07977,0.0163,-0.04082
-0.02186,0.00037,-1.09457
-0.17593,-0.19203,-0.08698
-0.04351,-0.05805,-1.39376
-0.02482,0.07138,0.00709
0.0,0.0,0.0
-0.2094,1.50218,-0.95406
0.00626,-0.02457,-0.04955
-0.12889,-0.07369,-1.75536
0.03581,-0.00347,-0.03454
-0.99526,-0.33005,-4.01997
-0.71895,-0.4232,-3.56422
-0.11755,0.00421,-1.68365
0.00001,0.02705,-0.00439
-0.11122,-0.04918,-1.6703
-0.02426,-0.04264,-0.02508
-0.10522,-0.09497,-1.66818
0.01527,-0.06097,-0.19127
0.01722,0.06792,-0.03202
-0.306,1.24013,-1.41374
-0.09435,-0.128,-1.65697
-0.01041,0.03901,-0.71088
-0.00835,-0.02805,-0.02589
-0.06273,1.97533,-0.41984
-0.02359,-0.04683,-0.02597
-0.03404,0.01885,0.02051
0.00086,-0.00009,-0.0012
-0.04711,0.42987,-0.00424
-0.50924,-0.30006,-2.93375
-0.61437,-0.53685,-3.37142
-0.30209,1.14799,-1.63494
-0.01409,-0.03667,-0.02481
-0.05213,-0.02375,-1.34272
0.02273,-0.01295,-0.02892
0.01175,-0.00766,-0.04626
0.06966,-0.03129,-0.06299
0.17902,0.0266,-0.05552
0.00566,-0.01044,-0.04334
0.0,0.0,0.0
0.01763,-0.04608,-1.18679
-0.42989,1.63113,-1.25267
-0.00852,-0.00155,0.00818
-0.04809,-0.07068,-0.03492
0.2966,3.35297,-1.19294
-0.06211,1.97229,-0.48952
-0.30138,1.2653,-1.24652
0.00793,-0.0103,-0.04384
-0.01551,-0.02485,-0.03448
0.0,0.0,0.0
-0.01433,-0.03715,-0.02943
-0.63831,-0.26802,-3.17893
-0.00306,-0.01088,-0.03729
-0.00557,-0.01694,-0.0308
0.08466,0.01685,-0.06065
-0.33984,-0.14126,-2.43313
0.035,-0.00184,-0.0377
-0.45478,-0.43407,-0.19758
-0.06431,0.40863,0.00967
0.01449,-0.00485,-0.04212
0.0,0.0,0.0
0.21675,3.05656,-1.03528
0.06016,2.45018,-0.76018
-0.14217,0.4465,-1.73626
-0.09442,-0.12787,0.13944
0.05907,0.01922,-0.33232
-0.1003,-0.10838,0.07738
0.01012,-0.00492,-0.03423
0.21996,0.26713,-0.42989
0.0182,-0.0041,-0.04347
-0.70811,-0.28413,-3.27904
-0.14687,0.00871,-1.83302
-0.65093,-0.30482,-3.29944
0.07738,0.01538,-0.03979
-0.33691,-0.33462,-0.17511
-0.26435,-0.3606,-0.25983
0.15303,0.11495,-0.35257
0.02744,0.00117,-0.08348
-0.13454,0.12441,-1.82184
0.00949,-0.01744,-1.11914
0.00716,-0.0415,-0.0281
-0.19554,-0.29325,-0.22957
0.27226,0.03123,-0.04843
0.05768,0.03682,0.00088
-0.11143,0.28153,-1.61575
0.00424,-0.02381,-0.01824
0.13473,0.08136,-0.52938
-0.49677,-0.51232,-0.29109
-0.04192,-0.06852,-0.0278
-0.24509,1.61616,-0.98617
-0.22958,-0.27246,-0.14561
0.0,0.0,0.0
-0.29145,-0.09816,-2.29022
-0.85404,-0.43759,-3.96886
-0.0978,0.20047,0.02744
-0.16451,1.70805,-0.88105
-0.1403,0.4221,-1.38972
-0.17867,-0.3907,-2.19562
0.11626,0.02075,-0.05949
-0.49445,-0.59665,-3.07387
0.00305,-0.01544,-0.04119
0.03076,-0.03583,-0.02489
-0.01716,0.02702,0.00239
0.10383,0.01736,-0.02594
0.07383,0.16937,-0.00304
0.0,0.0,0.0
0.03084,-0.08178,-0.51393
0.0,0.0,0.0
0.11125,0.06775,-0.01028
-0.19919,0.65952,-1.70056
0.0904,0.0158,-0.07991
0.02774,-0.03094,-1.11564
0.00472,0.02126,-0.01124
-0.13572,0.60024,0.00094
-0.00705,-0.04832,-1.27271
-0.22634,0.10214,-1.9311
-0.09378,-0.1237,0.13131
-0.01916,-0.06861,-1.34211
-0.61382,-0.25827,-2.99954
0.05355,0.01471,-0.22862
-0.6035,-0.30674,-2.43436
-0.29486,-0.12691,-2.30926
-0.00256,-0.00408,-0.02223
0.02725,-0.00286,-0.11778
0.01156,0.08837,-0.04424
-0.07029,2.11487,-0.74544
0.04404,-0.10776,-1.0395
-0.28927,1.17625,-1.49169
0.0,0.0,0.0
0.01104,-0.0035,-0.03602
0.06403,-0.01715,-0.98447
-0.29029,1.14704,-1.56592
-0.0077,-0.00772,-0.05001
-0.37555,1.48061,-1.18206
-0.11318,-0.18086,0.16428
-0.18112,0.94789,-0.07805
0.0,0.0,0.0
-0.21614,-0.0574,-2.07121
0.02128,0.00164,-0.02152
-0.24567,-0.25239,-0.0686
-0.01423,0.01105,0.01858
-0.1616,0.86425,-0.06221
-0.23419,-0.23924,-0.09007
-0.50604,-0.3761,-0.25772
-0.00155,-0.00832,-0.0157
0.00528,-0.0062,-1.05415
0.21668,0.02902,-0.05339
0.0,0.0,0.0
0.0,0.0,0.0
-0.07866,-0.07388,-1.54587
0.10811,0.04286,-0.71401
0.14208,0.08835,-0.48211
-0.18271,-0.19336,-0.06181
0.00117,0.00033,0.00135
0.15055,0.14304,-0.25293
0.00488,-0.014,-0.02601
-0.03193,-0.08033,-1.3995
0.13659,0.03883,-0.07024
0.01252,-0.03624,-0.04055
0.0,0.0,0.0
0.06185,-0.36479,-1.97199
0.00521,0.01774,-0.01638
-0.15824,2.05443,-0.91787
-0.3252,-0.41371,-0.27337
-0.27115,-0.29389,-0.14029
-0.02259,-0.03938,-0.02559
0.00804,-0.02827,-0.04047
0.19783,0.02864,-0.05555
-0.1499,-0.06819,-1.83506
0.00607,-0.0037,-0.00804
0.19462,3.04638,-0.98305
0.0541,2.55218,-0.87651
-0.05873,0.11284,0.02565
0.02071,-0.00144,-0.01893
0.01456,0.05415,-0.02427
0.03458,-0.01424,-0.02867
0.00937,-0.03598,-0.09423
0.0223,-0.01166,-0.01988
-0.02367,-0.04664,-0.02565
0.0538,0.03339,-0.07922
-0.51797,-0.62667,-0.41586
-0.933,-0.39491,-4.11792
-0.80459,-0.34292,-3.70173
0.02673,-0.00177,-0.05002
-0.05292,-0.03776,0.05513
-0.10746,-0.12858,-1.70043
-0.44024,-0.24709,-2.73472
-0.0748,-0.1028,0.09105
-0.25719,-0.46311,-2.33352
-0.35688,-0.23168,-1.87901
0.01352,-0.03393,-1.16609
-0.24195,-0.16125,-2.17181
-0.0669,-0.0881,0.07802
-0.40905,-0.21809,-2.64682
-0.1379,-0.2351,0.2139
0.01038,-0.00887,-0.04533
-0.37071,1.47493,-1.35698
-0.13728,-0.22063,0.20057
0.21618,0.05716,-0.01057
-0.3047,0.49731,-1.8181
-0.08996,-0.10588,-1.619
-0.70857,-0.29497,-3.38768
-0.60431,-0.27694,-3.16393
-0.24976,0.6677,-1.73323
-0.04097,-0.05633,0.03023
0.14483,2.72596,-0.76037
0.0,0.0,0.0
0.03971,-0.00819,-0.03604
0.0,0.0,0.0
-0.36607,-0.4028,-0.22958
0.0,0.0,0.0
0.00989,-0.04277,-0.10921
0.13286,0.01895,-0.04017
0.01586,0.04646,-0.02342
0.0,0.0,0.0
0.24743,3.1984,-1.08082
-0.32927,1.23206,-1.72165
0.14741,0.11529,-0.39759
0.03886,0.00557,-0.11223
0.13525,0.09301,-0.4793
0.13577,0.14302,-0.22843
0.38638,0.0358,-0.01983
-0.63292,-0.27417,-2.89671
-0.14404,-0.15843,-1.84879
-0.29972,0.70994,-1.7555
-0.00647,-0.00786,-0.04119
0.00027,0.00002,-0.001
0.09281,0.03414,-0.76835
0.0,0.0,0.0
-0.13871,0.65336,-0.01469
-0.0261,-0.04961,-0.0284
-0.03785,-0.06377,-0.02735
-0.20001,1.82273,-0.93071
0.0,0.0,0.0
-0.24141,1.56637,-0.23569
-0.31568,-0.39583,-0.27791
-0.00058,-0.00149,-0.00084
-0.01945,-0.03678,-0.02414
-0.04418,-0.06874,-0.02833
0.02241,-0.03178,-0.04547
0.0647,0.07869,-0.02639
0.00743,-0.00997,-0.04266
0.03189,-0.00324,-0.02643
-0.32729,-0.29586,-0.13375
0.0,0.0,0.0
0.02838,-0.0082,-0.0461
-0.05802,-0.0197,0.06803
0.12806,0.09894,-0.20859
0.0254,-0.00874,-0.02647
-0.00049,0.0007,0.00434
-0.21492,1.85123,-0.9761
-0.28895,-0.09215,-0.08919
-0.58545,-0.61767,-0.37461
-0.35688,1.38533,-1.26269
0.23073,0.0286,-0.05344
-0.04951,-0.30578,-2.00709
0.16873,0.02575,-0.05383
0.15384,0.01962,-0.05281
-0.07157,-0.09009,-1.54007
-0.52994,-0.25046,-2.59416
0.16881,-0.34558,-2.01407
-0.02467,-0.0477,-0.0258
-0.43451,-0.21333,-2.69543
-0.08487,-0.0953,-1.60262
-0.3557,-0.18778,-2.49519
-0.47054,-0.49123,-2.90814
0.26008,0.36203,-2.10872
-0.71567,-0.50195,-3.64292
-0.65237,-0.61671,-3.61623
0.00456,-0.05814,-1.24859
-0.30678,0.10097,-1.95548
-1.06072,-0.37497,-4.42532
-0.00334,-0.00696,-0.04062
-0.34139,1.37939,-1.41969
0.16805,0.02479,-0.04104
0.17535,2.88904,-0.97716
-0.21677,-0.32824,-0.26024
-0.01656,2.14073,-0.53437
-0.21767,0.02519,-2.00577
0.15608,2.86978,-0.90916
0.0,0.0,0.0
0.29808,3.43755,-1.17667
0.02822,2.33582,-0.70672
0.10459,2.61439,-0.79495
-0.00117,-0.01412,-0.02574
0.00511,-0.01274,-0.03559
-0.57841,-0.53816,-0.24686
0.11129,0.06185,-0.65458
0.0,0.0,0.0
-1.55957,-0.42774,-6.32
0.15713,0.1258,-0.31691
-0.12437,-0.13382,-1.76312
0.14717,0.09865,-0.42726
0.51447,0.04352,-0.00721
-0.12924,0.38756,-1.45862
-0.11427,0.13951,-1.64503
0.31027,0.03018,-0.02659
-0.08213,-0.10255,-0.03759
0.26492,0.02929,-0.03651
-0.12608,1.90889,-0.81422
0.15665,0.15081,-0.17481
0.25597,0.04417,-0.05099
0.0,0.0,0.0
-0.01177,-0.01201,-0.09956
-0.20279,0.9627,-0.0693
-0.00033,0.00107,0.00244
-0.15853,-0.26822,0.24592
-0.07622,-0.11126,-1.58128
0.06023,-0.01581,-0.99256
0.0,0.0,0.0
0.0152,0.25248,0.00625
-0.02502,-0.00726,-0.01911
-0.14207,-0.13588,-0.09734
0.0098,0.02003,-1.11362
0.0,0.0,0.0
-0.12682,-0.20933,0.13864
-0.00858,2.57422,-1.08773
-0.28983,-0.4263,-0.32641
-0.15064,-0.26379,0.23312
0.0,0.0,0.0
-0.04042,-0.00924,0.04579
-0.45179,-0.22571,-2.75821
-0.00298,-0.01491,-0.04017
-0.13681,-0.2168,0.18667
0.01236,0.23118,0.00956
-0.11272,0.2491,-1.70088
0.0,0.0,0.0
-0.04892,-0.08515,-1.45818
-0.57623,-0.2552,-3.05932
0.0,0.0,0.0
-0.00498,-0.0026,0.0005
-0.00971,-0.02451,-0.00306
-0.6502,-0.72026,-0.45562
-0.02867,-0.02369,0.01945
-0.18814,-0.09183,-0.08439
0.03834,-0.04177,-0.03926
-0.38084,-0.30563,-0.14356
-1.20889,-0.45011,-5.1245
0.00206,-0.05841,-1.25834
0.0,0.0,0.0
-0.08965,0.01358,-0.08168
0.01207,-0.00104,-0.04929
0.01078,0.02785,-0.01142
0.21523,0.08703,-0.06353
-0.0594,-0.05731,-1.45481
0.04036,-0.10295,-0.69608
-0.42407,0.23605,-1.95479
0.0,0.0,0.0
-0.89618,-0.50622,-4.22503
-0.24137,0.25651,-1.86476
0.00686,-0.00099,-0.06725
-0.39149,1.51483,-1.27966
0.14253,0.02653,-0.0239
0.00452,-0.01398,-0.0421
-0.34685,-0.42796,-0.31867
0.0,0.0,0.0
-0.26665,-0.35468,-0.22042
0.12368,0.18155,0.03535
-0.33903,-0.33472,-0.15039
-0.4201,-0.40151,-0.14809
-0.00566,0.01442,-0.00403
0.169,0.04286,-0.02739
-0.14012,-0.15847,-1.83471
-0.63342,-0.62067,-0.35036
-0.12698,0.24887,-1.7837
-0.32353,1.30184,-1.49247
-0.10049,-0.13281,-1.68165
0.00927,-0.00528,-0.03511
-0.31598,-0.3108,-0.1147
-0.28464,-0.56672,-2.40485
-0.31482,1.31038,-1.5663
0.34751,0.03142,-0.01245
-0.2979,0.91592,-1.69744
-0.98855,-0.34612,-4.13005
0.15868,0.12119,-0.31954
-0.26409,1.05089,-1.55525
0.01931,-0.07572,-0.2444
-0.06355,0.84514,-0.06897
0.0,0.0,0.0
0.04041,-0.56881,-2.06183
0.0,0.0,0.0
0.00761,0.00301,-0.06789
0.16044,0.12498,-0.29578
-0.33317,-0.32749,-0.10534
0.21915,0.05877,-0.06816
0.04971,-0.02037,-1.03567
-0.17504,-0.16561,-1.95807
0.09632,0.0283,-0.78213
-0.13454,-0.1181,-1.7905
0.49026,4.20257,-1.55688
-0.45061,-0.80857,-3.2204
0.14166,0.08892,-0.48505
-0.43338,-0.20514,-2.45951
0.0,0.0,0.0
0.0,0.0,0.0
-0.11764,-0.11653,0.07931
0.20801,0.02617,-0.04583
0.09017,0.13472,-0.02476
0.0182,-0.01406,-0.02774
-0.33294,-0.24678,-0.11001
-0.55368,-0.24002,-2.92333
0.39869,0.0283,0.0155
-0.01282,-0.01986,-0.01317
-0.03648,2.85123,-1.36166
-0.24322,-0.10731,-2.1632
0.0037,-0.00483,-0.02662
0.0,0.0,0.0
0.0,0.0,0.0
0.12158,2.70028,-0.84924
-0.00031,0.32949,-0.00321
0.0,0.0,0.0
-0.38448,1.59577,-1.41223
-0.00033,-0.00073,-0.00042
-0.05399,-0.09878,-1.49471
-0.00456,0.00143,0.0012
-0.37209,-0.14079,-0.08407
0.02264,-0.07819,-0.27718
-0.48262,-0.25963,-2.28584
0.0,0.0,0.0
-0.1168,2.0397,-0.82636
-0.05722,-0.07967,-0.02864
0.01191,-0.01271,-0.04195
0.22971,0.03402,-0.03051
-0.12118,-0.20322,0.1275
-0.50842,-0.23044,-2.67378
0.00915,-0.003,-0.04602
-0.34189,2.08667,-1.45268
0.0431,-0.01945,-0.04894
-0.06971,-0.10499,0.03261
-0.04945,-0.07573,-0.02832
0.03701,-0.00897,-0.05349
0.0,0.0,0.0
-0.00004,-0.00042,0.00011
0.06444,2.58474,-0.75066
0.0,0.0,0.0
-0.16058,0.0228,-1.95175
-0.08312,-0.04834,-0.0826
0.08221,0.02377,-0.83847
-0.38077,-0.38228,-0.25572
0.39431,3.75616,-1.42391
-0.06282,0.04647,0.02779
-0.32024,2.01841,-1.11456
0.05382,0.15762,0.00373
-0.34348,1.72195,-1.14073
0.0,0.0,0.0
-0.1891,-0.163,-2.00055
0.0,0.0,0.0
-0.00058,-0.00628,-0.04345
-0.02182,0.02376,0.00215
-0.06838,0.45305,0.00331
-0.00958,0.05345,-0.03335
-0.03156,-0.04734,-1.37225
0.36415,3.60736,-1.40534
0.08551,0.02319,-0.01389
0.04958,0.01319,-0.23452
0.02373,-0.00389,-0.0949
0.0,0.0,0.0
0.17483,0.1746,-0.06749
0.0,0.0,0.0
-0.43056,-0.32447,-0.16461
-0.11324,-0.00145,-1.6579
-0.023,-0.01587,0.01916
0.12541,-0.4501,-2.01771
0.32346,0.05553,-0.04548
0.0293,-0.0049,-0.04968
-0.01608,-0.08099,-1.3471
-0.41997,-0.22432,-2.23487
-0.12037,-0.139,-1.75407
0.0,0.0,0.0
-0.32708,1.01895,-1.72118
-0.36358,-0.16868,-2.36825
0.0,0.0,0.0
-0.13102,-0.14785,-0.04536
-0.11567,-0.1594,0.107
-0.25714,-0.13637,-2.2124
0.00099,-0.00768,-0.01069
0.00256,-0.00629,-0.02429
-0.28519,-0.38881,-0.29403
-0.33834,-0.39068,-0.23901
0.35905,0.14821,-2.28573
-0.12432,-0.21754,0.16621
-0.46573,0.04333,-2.04204
0.0,0.0,0.0
0.0,0.0,0.0
0.02456,-0.08323,-0.3
-0.11429,0.26357,-1.54109
-0.03086,0.04488,0.02227
-0.3457,-0.48126,-0.3534
-0.33875,1.69004,-1.51223
-0.56496,-0.52581,-0.2179
0.04453,-0.03211,-1.07531
-0.37945,-0.5143,-2.6597
-1.07378,-0.95349,-0.51397
-0.22845,-0.34025,-0.26434
-0.39449,-0.374,-0.29192
-0.2156,1.2796,-0.15995
0.1513,0.10642,-0.39514
0.0,0.0,0.0
0.0,0.0,0.0
-0.31648,-0.17589,-2.39008
0.24979,0.05055,-2.0612
-0.77185,-0.57466,-3.94183
-0.01512,-0.04239,-0.04066
0.05332,0.01418,-0.20007
0.02508,-0.01346,-0.02531
0.02514,-0.0456,-1.16139
-0.07942,-0.1213,0.08434
0.12939,0.07628,-0.56362
0.0,0.0,0.0
-0.01654,-0.04327,-0.02847
-0.0352,-0.05934,-0.02707
0.0,0.0,0.0
0.03255,-0.09185,-0.40549
-0.194,-0.52339,-2.28085
-0.40611,1.78916,-1.40226
-0.08454,-0.11716,-0.03079
-0.03023,0.34005,0.00881
-0.00836,-0.01824,-0.01821
0.00255,-0.01198,-0.04195
0.11894,0.26998,0.02341
0.0,0.0,0.0
0.0,0.0,0.0
0.01787,-0.00443,-0.05207
-0.00538,0.00113,0.00319
0.01153,-0.00764,-0.0463
0.00728,-0.01091,-0.0446
-0.46511,-0.21268,-2.67726
-0.35181,1.49462,-1.46887
0.03039,-0.00004,-0.05331
0.0,0.0,0.0
-0.1177,0.27373,-1.46396
0.0,0.0,0.0
0.0,0.0,0.0
-0.29117,-0.18726,-1.79769
0.0,0.0,0.0
-0.04352,0.09358,-0.05643
0.03634,-0.02976,-1.09981
0.50391,4.18192,-1.58448
0.24,3.13995,-1.13298
-0.0424,-0.09228,-1.44795
0.02123,-0.18984,-0.48397
0.081,0.06938,-0.00166
-0.03317,-0.05616,-0.02687
-0.01832,-0.04992,0.00234
0.15682,0.16954,-0.09199
0.00003,-0.00031,-0.00024
-0.14186,-0.15834,-0.045
-0.00185,-0.00488,-0.00711
-0.28864,0.0057,-0.07865
0.0,0.0,0.0
-0.19593,2.55238,-1.57434
0.25202,3.75518,-1.29866
-0.62806,-0.73466,-0.48143
-0.18369,-0.24543,-2.12165
0.32953,3.50402,-1.24088
-0.11337,-0.1332,-0.03448
-0.16043,-0.11448,-1.88255
-0.25742,-0.3793,-0.29207
-0.36009,0.24869,-1.91931
-0.08125,0.04669,0.06594
0.02895,-0.09116,-0.45011
0.0,0.0,0.0
0.04255,0.00834,-0.15015
0.0,0.0,0.0
-0.3248,1.50777,-1.5426
0.04017,2.61162,-0.99243
-0.30619,-0.14437,-2.23888
0.0,0.0,0.0
-1.02876,-0.43536,-4.48882
-0.02927,0.0465,-0.01418
0.31606,0.24273,-0.03072
-0.15341,-0.15089,0.08896
0.00059,-0.00127,-0.00038
-0.37798,-0.36993,-0.10918
0.0,0.0,0.0
-0.04111,-0.09323,-1.44572
-0.13578,-0.23474,0.17477
0.26147,3.17467,-1.02258
-0.25193,-0.2554,-0.07967
-0.12761,-0.47261,-2.18592
-0.39423,-0.61617,-2.75993
0.09959,0.03865,-0.74659
0.0,0.0,0.0
0.03505,-0.10253,-0.42663
-0.09797,-0.13995,0.05384
-0.86771,-0.78123,-0.38829
0.38035,0.50218,0.11795
-0.09568,0.14823,0.04336
-0.04558,0.05495,0.03334
-0.06332,-0.02629,-0.09922
-0.69505,-0.72474,-3.95701
-0.16041,-0.27072,0.24187
0.26716,-0.53682,-2.25027
0.41264,0.02476,0.03704
0.46814,0.0157,0.09863
0.00008,-0.00104,-0.00427
0.02119,-0.00807,-0.00274
0.0,0.0,0.0
0.0,0.0,0.0
0.06862,0.02523,-0.36944
-0.36726,-0.36087,-0.21544
-1.16871,-0.39984,-4.82835
0.0,0.0,0.0
-0.23957,2.49754,-1.51802
0.0,0.0,0.0
-0.03823,-0.06641,-0.0266
-0.41878,1.62004,-1.34055
-0.01569,0.06666,0.00796
0.1423,0.12335,-0.43094
-0.18793,-0.61626,-2.31902
-0.00937,-0.0087,-0.06825
0.10382,0.07442,-0.00644
0.15074,0.10132,-0.40875
0.0,0.0,0.0
0.35309,-0.07397,-2.26789
-0.00423,-0.03717,-1.25686
-0.03674,-0.06981,-1.40914
0.36695,-0.22439,-2.29119
0.0,0.0,0.0
0.01589,-0.06677,-0.20208
-0.01257,-0.00428,-0.01167
0.79632,5.2748,-2.04147
-0.12185,-0.14927,-1.76677
-0.31328,-0.4461,-0.33448
0.0,0.0,0.0
-0.37323,-0.19381,-2.53947
0.00377,-0.02024,-0.05227
0.0,0.0,0.0
-0.06422,0.06522,-0.08419
0.04121,-0.01539,-1.05999
-0.06713,-0.11118,-1.55068
-0.2933,-0.24964,-1.49615
0.05942,0.15259,0.00225
-0.2153,1.19563,-0.13401
-0.03812,0.00232,0.05165
-0.15764,-0.15228,-1.88869
-0.06639,-0.06401,0.05162
0.02764,-0.00687,-0.05182
-0.1172,0.27886,-1.4783
0.0,0.0,0.0
0.03004,-0.00385,-0.05107
-0.21175,-0.07632,-2.0605
-0.17405,0.73893,-0.01704
-0.27595,-0.15271,-2.22078
-0.06033,-0.08751,-0.02954
0.01977,0.02491,-0.00952
0.02213,0.03314,-0.04719
-0.08891,-0.15686,0.03573
0.0,0.0,0.0
-0.06954,1.93215,-0.44853
0.0,0.0,0.0
-0.78923,-0.75073,-0.42335
0.06071,0.47127,0.00772
-0.06855,2.10443,-0.51581
-0.52003,-0.45811,-0.42314
-0.18758,-0.14439,-2.06806
0.0,0.0,0.0
0.0,0.0,0.0
0.0,0.0,0.0
-0.25827,-0.36723,-0.2707
-0.00241,-0.0032,-0.01514
-0.30439,0.01252,-2.02422
0.01218,-0.00566,-0.02931
-0.40367,0.51355,-1.87852
-0.46896,-0.25218,-0.41841
0.15789,1.45354,-0.28474
-0.38459,1.01575,-1.80778
0.00001,-0.00065,-0.00034
0.34349,0.15918,0.12243
0.0,0.0,0.0
-0.05589,-0.0859,-0.02868
-0.38376,-0.33,-0.18262
0.0122,0.01648,-0.01732
0.0,0.0,0.0
0.20412,3.17493,-1.24854
0.0718,-0.65556,-2.20003
-0.1139,0.0352,-0.24081
-0.42994,-0.34946,-0.20734
0.29907,0.03012,-0.0152
-0.14958,-0.25867,0.21366
0.0,0.0,0.0
0.01747,0.04548,0.00424
-0.08067,-0.15486,0.02484
-0.00031,-0.00992,-0.03961
-0.00229,0.01187,-0.14401
0.11347,0.07425,-0.6055
0.04006,0.13114,-0.08127
0.21549,-0.46292,-2.08488
-0.0378,-0.04685,-0.04798
0.0,0.0,0.0
0.40262,3.77419,-1.38526
-0.38264,-0.23013,-0.11929
0.03372,0.00248,-0.09291
-0.41859,-0.40131,-0.14354
-1.34138,-1.18112,-0.69289
0.0,0.0,0.0
-0.13816,2.96345,-1.57197
-0.00948,0.00266,0.00031
-0.13272,-0.11866,-1.78797
0.1667,0.13982,-0.21745
0.0,0.0,0.0
0.3745,3.73954,-1.32835
-0.43722,1.79064,-1.32827
0.0,0.0,0.0
0.00437,-0.00289,-0.06302
-0.00622,-0.05869,-1.28654
-1.13025,-0.34662,-4.51043
0.70174,4.89684,-1.93486
0.16188,0.24886,0.12797
0.03167,-0.01436,-0.04278
-0.36288,-0.4049,-0.29095
-0.10737,-0.10643,-1.6899
0.20484,2.99887,-1.05472
-0.08058,-0.05688,-1.56662
-0.35161,-0.18425,-2.11145
-0.45246,-0.28007,-1.99455
-0.05568,-0.08953,-1.49486
-0.07307,-0.10552,-1.56533
0.48329,4.09588,-1.60954
0.0,0.0,0.0
0.0,0.0,0.0
-0.10425,-0.15544,0.1329
0.0,0.0,0.0
0.01929,-0.0414,-1.17382
0.04187,0.12391,0.00746
-0.39164,-0.20601,-2.60098
0.09167,0.05076,-0.73979
-0.20836,-0.20566,-1.35488
0.60688,0.00278,0.15627
0.02292,-0.00442,-0.0482
0.03571,0.00044,-0.05412
0.0,0.0,0.0
0.13341,0.08656,-0.0103
0.00257,-0.00585,-0.02557
0.0,0.0,0.0
-0.14143,-0.15578,0.09871
-0.07063,-0.09946,-0.02532
0.01739,-0.00584,-0.04761
0.0,0.0,0.0
0.02567,0.03498,-0.04233
0.00776,-0.04151,-0.10284
-0.29088,1.99369,-1.54385
-0.85323,-0.64674,-4.36716
0.1773,3.04132,-0.96689
-0.27166,-0.1416,-1.94712
0.03883,0.0722,-0.82361
-0.07032,-0.09685,-0.03105
0.06808,0.13193,-0.14899
-0.15574,-0.15871,0.07472
-0.44741,-0.56255,-0.39981
-0.21304,-0.16725,-2.08458
0.03279,0.00817,-0.14936
-0.59076,-0.28537,-2.57218
0.0,0.0,0.0
-0.67423,0.06974,-2.2093
-0.30449,1.38223,-1.61755
-0.09588,-0.12028,-1.65595
0.0,0.0,0.0
-0.55033,-0.13649,-1.01407
0.21836,3.07903,-1.04522
0.23919,-0.63107,-2.4871
-0.09955,0.12207,-1.39125
-0.34976,0.70639,-1.7983
-0.48754,0.53647,-1.95096
-0.03898,0.02957,-0.18681
0.01872,0.26288,0.00067
0.02904,-0.00802,-0.00571
0.0,0.0,0.0
0.30422,0.05098,0.03113
-1.54115,-1.25242,-0.69233
-0.34635,-0.05577,-2.0956
-0.00018,-0.00115,-0.00065
0.06508,0.14427,0.00042
-0.28755,-0.17351,-2.3144
-0.50141,-0.64139,-0.43872
0.0,0.0,0.0
0.83057,5.34467,-2.12582
0.15425,-0.55224,-2.07927
0.0006,-0.00393,-0.01364
0.12226,0.13182,-0.54249
0.26986,-0.33136,-2.13229
0.0,0.0,0.0
-0.0969,-0.08839,0.05266
-0.09151,-0.04258,-0.09542
0.0,0.0,0.0
-0.12948,0.00466,-0.1972
-0.24352,0.01133,-1.9439
-0.45248,1.78267,-1.24521
-0.19096,-0.13653,-1.99608
0.12474,0.48437,-1.90729
0.0,0.0,0.0
-0.36563,1.80234,-1.46929
0.0338,0.01185,-0.02664
-0.06926,-0.09145,-0.0296
0.0,0.0,0.0
-0.29645,2.15189,-1.50809
0.0,0.0,0.0
0.0,0.0,0.0
0.0,0.0,0.0
-0.3871,2.07224,-1.35084
0.15587,0.13141,-0.31966
-0.46332,-0.33575,-0.13928
0.0,0.0,0.0
0.11469,0.09724,-0.56083
0.03818,2.59558,-0.73193
-0.13096,0.20899,0.04997
-0.12224,-0.11562,-0.00647
-0.38067,2.10125,-1.25341
-0.01205,-0.02677,-0.03022
0.0155,-0.00439,-0.04825
-0.06435,-0.60397,-2.17804
0.04405,0.34624,-1.76557
-0.01888,-0.01018,-0.01358
-0.53868,-0.6769,-3.31989
0.12217,0.16041,0.05857
0.00316,-0.00499,-0.02168
-0.42471,-0.34559,-0.27914
0.0,0.0,0.0
-0.01301,0.00434,0.00293
-0.25481,-0.70564,-2.43986
1.05105,0.04627,0.0204
-0.58861,-0.71816,-0.47692
-1.44384,-0.92695,-7.40618
0.01548,-0.08682,-1.91663
-0.20126,-0.16954,-2.04736
-0.63614,-0.5869,-0.24584
0.0,0.0,0.0
-0.04454,-0.07122,-0.02377
-0.15024,-0.69783,-2.31256
0.09942,0.08804,0.0287
-0.06791,0.19789,-0.07431
0.12598,0.01744,-0.01045
-0.455,-0.21518,-0.09174
0.10669,2.01532,-0.52132
0.0,0.0,0.0
-0.41269,-0.40139,-0.34634
0.00439,-0.0068,-0.04584
-0.00874,-0.00524,0.00015
0.02812,-0.00268,-0.05346
0.06199,0.06519,-0.76289
-0.00854,0.00539,-0.00465
-0.01869,0.00629,0.00627
-0.01826,-0.01347,-0.10734
0.08085,2.95356,-1.28206
-0.36315,0.46826,-1.86041
0.02917,-0.00039,-0.05133
-0.71953,-0.29445,-3.10124
0.16149,0.17092,-0.34581
-0.2319,-0.09087,-2.08278
-0.00235,-0.0072,-0.06222
0.0,0.0,0.0
-0.43777,-0.49084,-0.38023
0.0,0.0,0.0
-0.27367,-0.26898,-2.20109
0.0,0.0,0.0
-0.10145,0.0506,-1.55817
-0.06543,-0.02157,-1.41352
0.04552,0.0056,-0.09814
-0.4105,-0.35569,-0.23901
-0.06901,0.51291,-0.01189
0.16351,0.16082,0.01635
-0.33972,-0.1791,-2.22745
-0.01017,0.00269,0.0011
-0.08094,1.33784,-0.21744
-0.40159,-0.19146,-2.52589
-1.26192,-0.37107,-5.02018
-0.03095,-0.01876,-0.15128
0.0,0.0,0.0
-0.03171,-0.02644,-0.02164
0.08033,-0.72555,-2.48072
0.03113,-0.00199,-0.05339
0.14931,0.1191,-0.00286
0.0,0.0,0.0
0.0,0.0,0.0
-0.51513,-0.60569,-0.42705
0.0,-0.00037,0.00017
0.10536,0.13117,-0.66856
-0.11685,-0.17043,0.07791
0.06018,-0.03715,0.01176
-0.10492,-0.11217,-0.00635
-0.80362,-0.80525,-0.47407
0.0,0.0,0.0
-0.86129,-0.31432,-3.59426
-0.02308,0.01786,-0.01787
-0.26155,-0.11719,-2.09909
0.0,0.0,0.0
0.13879,0.11524,-0.18703
0.13166,0.10657,-0.48922
-0.10512,0.12063,-0.36981
-0.2613,2.4767,-1.40056
0.0,0.0,0.0
0.43804,3.903,-1.51754
-0.26392,2.48103,-1.48212
0.61682,0.02024,0.0638
0.06875,0.04238,-0.83605
-0.15622,-0.16439,0.00745
0.0,0.0,0.0
-0.60191,-0.49326,-0.23315
-0.0698,0.1417,-0.10474
-0.19005,-0.14362,-1.97961
-0.45768,-0.59747,-0.41609
-0.65969,-0.61977,-0.32372
0.28983,3.41895,-1.16443
-0.29772,-0.17968,-2.35353
-0.8341,-0.7523,-0.36055
-0.72831,-0.66441,-0.32132
-0.74908,-0.88614,-4.48445
0.31358,0.03798,0.01652
-0.9974,-0.93294,-0.5378
0.41435,3.82722,-1.40702
0.0,0.0,0.0
0.0,0.0,0.0
-0.12899,-0.02373,-1.72582
-0.04729,-0.07002,-0.02822
0.61176,4.85472,-1.77915
0.0,0.0,0.0
0.0,0.0,0.0
-0.02574,0.02111,-0.23038
-1.07948,-0.51995,-4.87321
0.03128,-0.08661,-0.36984
-0.41793,-0.03948,-2.06472
-0.0436,0.02387,-0.16271
-0.16694,-0.1689,-1.93317
-0.21351,-0.22431,-0.05534
0.00328,-0.00678,-0.00977
-0.00004,-0.00031,0.00015
-0.3846,-0.69974,-2.81438
0.04592,0.01914,-0.9789
0.01722,-0.16766,-0.47889
-0.42001,-0.34921,-0.31998
0.03819,-0.10802,-0.13499
-0.00451,-0.00049,0.00149
0.43354,0.12112,-2.4332
-0.1937,1.6596,-0.29429
-0.05579,0.19349,0.00831
-0.08928,-0.12229,-0.03082
-0.43635,0.5991,-1.89451
-0.32485,-0.04323,-0.08112
0.24104,1.05931,-0.11766
0.04276,0.0351,-0.94656
0.13045,0.77019,-0.0169
0.01934,0.05165,-0.05605
-0.07083,-0.10159,-0.02983
-0.44904,-0.30283,-1.82372
0.04271,0.1076,-0.10286
-0.28509,1.60632,-1.63672
0.32733,3.6013,-1.43915
-0.393,-0.06365,-2.13136
-0.02857,-0.01881,-0.14452
0.0,0.0,0.0
-0.02951,0.21164,-0.07271
0.21669,0.06886,-0.07186
0.0,0.0,0.0
0.0,0.0,0.0
0.02894,-0.0828,-0.31497
-0.0436,-0.00693,-1.38138
0.64246,0.05375,0.008
-1.30043,-0.52978,-5.69558
0.04911,0.13471,-0.15413
0.0284,0.03424,-0.16093
0.49799,4.35884,-1.86126
0.0,0.0,0.0
0.38992,0.29238,0.15588
0.0,0.0,0.0
0.31807,-0.41818,-2.22405
-0.0767,-0.10839,-0.02978
0.1668,-0.64132,-2.25558
-0.08661,0.04464,-1.47958
-0.41024,-0.2116,-0.10257
0.07483,0.01583,-0.07642
0.00008,-0.0006,0.00011
-0.03868,-0.70853,-2.26827
-0.25073,1.94925,-1.62355
-0.21805,-0.10935,-2.00075
0.0,0.0,0.0
-0.09422,-0.83171,-2.92887
-0.07548,-0.01471,-1.52
-0.11299,0.06153,-1.63371
-0.38756,-0.18133,-2.37697
0.0,0.0,0.0
0.0,0.0,0.0
-0.00863,0.01294,-0.0055
-0.57996,-0.49129,-0.19709
0.18015,0.19418,0.03765
-0.00719,0.00217,0.00168
0.0,0.0,0.0
-0.00731,0.00532,-0.03344
-0.06001,0.06174,0.01854
-0.00785,0.00129,-0.00379
0.12869,0.09185,-0.51436
0.0,0.0,0.0
0.13855,3.7928,-1.28853
-0.24765,-0.17734,-2.21219
-0.05998,3.17213,-1.64403
0.54282,4.34587,-1.74257
0.0,0.0,0.0
0.0,0.0,0.0
0.0,0.0,0.0
-0.15318,-0.08677,-1.84185
-1.34792,-0.34847,-5.18686
0.40209,4.31583,-1.52946
-0.07266,-0.13187,-2.50081
-0.00222,-0.00299,-0.00129
-0.77885,-0.84336,-0.52868
-0.65394,-0.66526,-0.47189
-0.04291,-0.0662,-0.02856
-0.15325,-0.15032,-1.87239
0.0,0.0,0.0
-0.01036,0.03718,-1.30945
0.00468,-0.0171,-1.20036
-0.44724,-0.39204,-0.36693
-0.15239,0.06921,-0.32406
-0.91959,-0.88821,-0.54658
-0.38068,-0.41418,-0.33161
0.0,0.0,0.0
-0.99369,-1.01588,-5.72998
-0.12473,-0.06762,-1.734
0.55298,4.38814,-1.69113
0.11848,2.50437,-0.73658
0.0,0.0,0.0
0.0,0.0,0.0
-0.06525,-0.0946,-0.02752
-0.5684,-0.47557,-0.15709
-0.02078,-0.02844,-0.01923
-0.08369,0.14012,-0.12743
-0.00683,-0.00421,0.00218
0.01752,-0.00084,-1.12705
-0.44262,-0.31028,-0.34124
0.01583,0.00332,-0.07483
0.947,-0.11873,0.38286
-0.47334,0.26406,-1.98263
-0.03739,0.06207,-0.0443
-0.0951,0.29289,0.01437
-0.10285,-0.13549,-0.03041
0.11115,0.03547,-1.07762
0.02009,0.04161,-0.99889
0.10528,0.08262,-0.60225
0.37947,0.06544,0.09255
-1.41918,-0.45497,-5.89163
0.04362,-0.02744,-0.02096
-0.10544,-0.01609,-0.15459
-0.76634,-0.30831,-3.11384
0.16286,3.45238,-1.57361
-0.0038,-0.00542,-0.00937
0.68924,0.01433,0.30261
-0.43586,-0.30629,-2.25224
-1.38672,-1.21759,-0.71726
0.0,0.0,0.0
-1.03231,-0.61457,-4.93657
0.0,0.0,0.0
0.0,0.0,0.0
0.01538,-0.06264,-0.19256
-0.10248,-0.13834,-0.03189
-0.28225,1.80517,-1.57697
-0.07934,0.01975,-1.48608
0.0,0.0,0.0
-0.32067,1.50174,-1.71922
0.0,0.0,0.0
0.0,0.0,0.0
0.0,0.0,0.0
0.0,0.0,0.0
-0.37398,0.84859,-1.80389
-0.40504,1.12643,-1.82525
-0.00042,-0.00295,-0.00357
-0.54342,-0.40159,-0.12072
-0.01345,0.19737,-0.07042
-0.49893,0.74058,-1.94064
0.0,0.0,0.0
-0.00746,-0.74981,-2.47066
-0.98859,-0.8912,-0.48539
-0.00545,-0.00552,-0.00589
-0.13256,-0.12013,0.05594
-0.01571,0.01143,-0.01126
-0.00253,-0.0003,-0.001
-0.01872,3.15725,-1.57749
0.0,0.0,0.0
0.02346,-0.07117,-0.17871
0.0,0.0,0.0
-0.33511,-0.33245,-0.09412
-0.23089,2.58846,-1.51204
0.0,0.0,0.0
-0.08066,0.03066,-0.32405
-0.7976,-0.72142,-0.33498
0.15313,0.12945,-0.23623
0.10847,0.15569,-0.52131
-1.38239,-0.39894,-5.54192
-0.07099,0.13975,-0.13112
0.0,0.0,0.0
-0.67843,-0.61998,-0.17588
-0.12526,0.13852,0.05755
0.0,0.0,0.0
0.0,0.0,0.0
-1.12459,-0.33154,-4.39297
-0.39414,-0.90231,-3.24332
-0.13112,-0.23133,-0.9363
-0.23225,2.1994,-1.58195
0.0,0.0,0.0
0.05184,2.38831,-0.66766
-0.17881,-0.19257,-0.04505
0.07676,-0.13345,-0.57804
-0.20874,-0.06298,-1.93852
-0.01107,-0.02179,-0.02464
-0.05466,0.30432,-1.59899
-0.33295,2.19731,-1.44405
0.0,0.0,0.0
0.0,0.0,0.0
0.48866,-0.3435,-2.60762
-0.17558,0.09747,-0.38816
0.18234,3.11822,-1.0032
-0.10007,-0.1317,0.14499
-0.45399,-0.35747,-0.24088
-0.03329,0.01332,-1.30624
0.0,0.0,0.0
0.0,0.0,0.0
-0.0242,0.31012,-1.64817
-1.4995,-0.58299,-6.64845
0.0,0.0,0.0
-0.08782,-0.06293,-1.52287
-0.08009,0.38775,-0.00384
-0.12596,-0.14607,-0.02609
0.05027,0.01996,-0.3195
-0.74596,-0.31407,-2.93546
0.01878,-0.00229,-0.04976
-0.00672,0.00226,-0.01405
-0.18292,-0.37042,-2.18894
-0.34331,-0.14734,-2.29598
-0.33015,-0.09355,-2.11752
0.00038,0.00164,-0.00076
0.0,0.0,0.0
0.0855,0.04701,-0.92333
0.0,0.0,0.0
-0.381,0.05913,-1.99961
-0.51899,0.22702,-2.04048
0.11568,0.28555,-0.05822
0.10623,0.13671,-0.18646
-0.51429,-0.05578,-2.13141
-0.22747,-0.90953,-3.26127
-0.62121,-0.68987,-0.4681
-0.15757,0.30486,-0.288
-1.17817,-0.90346,-6.1847
0.1117,0.11002,-0.2325
0.05672,0.01837,-0.28929
-0.13875,0.27486,-0.24707
0.73887,-0.0074,0.13026
-0.26888,-0.92962,-3.32909
0.27064,3.52874,-1.19937
-0.15138,2.81629,-1.58367
0.63751,0.00373,0.24533
0.69052,0.18212,0.31391
-1.16416,-1.03822,-0.58925
-0.00668,-0.03076,-0.03451
0.52793,0.01718,0.08478
-0.21648,0.08621,-1.8747
0.0,0.0,0.0
0.0,0.0,0.0
0.01465,0.01007,-0.15593
-0.6693,-0.5891,-0.1384
-0.60598,-0.43437,-0.47825
0.01169,3.57026,-1.66117
-0.90161,-0.90411,-0.54258
-0.11003,0.00247,-1.63982
0.56772,0.1398,-0.02957
0.0,0.0,0.0
-0.1544,-0.17161,0.09094
0.0,0.0,0.0
-0.45413,-0.31473,-0.29627
-0.14228,-0.12176,0.03981
-0.72876,-0.80969,-0.51448
-0.05414,-0.07746,-0.03011
-0.4977,-0.23523,-0.32804
0.0,0.0,0.0
0.0,0.0,0.0
-0.07503,-0.14799,0.00984
0.0,0.0,0.0
-0.02307,-0.02208,0.03669
-1.52199,-0.30234,-5.46684
-0.20267,-0.11719,-1.68721
0.23118,-0.69295,-2.76959
-0.05959,-0.17345,-2.70991
0.16497,0.15088,-0.18374
-0.60848,-0.79868,-3.77915
-0.1489,0.04863,-0.1732
0.04824,0.00806,-0.02155
0.48877,5.03849,-1.7277
-0.87072,-0.79132,-4.74793
0.01945,-0.09981,-0.28835
-0.11824,0.07704,-0.30893
-0.29343,-0.06961,-0.92655
0.14917,0.16718,0.06152
-1.57827,-0.49289,-6.62306
-0.0402,0.08545,-0.05163
-0.15647,0.26004,0.05714
-0.02609,0.0562,-0.0258
-0.01295,-0.0092,-0.07563
0.0,0.0,0.0
-0.00002,-0.00018,0.00011
0.10686,0.32924,-0.06271
-0.22984,-0.14678,-2.10067
0.0,0.0,0.0
-0.40118,-0.14664,-2.16749
0.0,0.0,0.0
-0.92941,-0.3199,-3.67028
0.0,0.0,0.0
0.61047,4.57741,-1.83721
0.0,0.0,0.0
0.0,0.0,0.0
-0.17951,0.02531,-1.82272
-0.03627,-0.08822,-1.31741
0.08788,-0.05413,-0.03354
-0.00849,-0.00935,-0.10441
-0.24603,2.07095,-1.63205
-0.83062,-0.7585,-0.40168
0.0,0.0,0.0
0.19846,1.67309,-0.38552
0.01596,0.15897,-0.37196
0.0,0.0,0.0
-0.22,2.4306,-1.56198
0.0,-0.00036,0.00001
-0.2677,-0.0511,-2.00197
-0.1078,0.02139,-1.61571
-0.14994,-0.18366,-0.03655
0.01031,0.02035,-0.3688
0.10703,0.09556,-0.22714
0.0,0.0,0.0
-0.00168,0.00006,-0.00351
0.0,0.0,0.0
-0.33182,-0.38261,-2.30468
-0.33614,-0.17705,-2.40241
-0.05128,-0.08577,-0.0786
-1.48976,-0.76787,-7.16605
-0.04524,0.02326,-0.06675
-0.00742,0.00164,-0.00502
0.02376,-0.00048,-0.05108
0.07531,0.02714,-0.41701
0.30257,0.46306,-0.04611
0.0,0.0,0.0
0.37275,3.87142,-1.37271
0.49053,0.08252,-0.03069
0.0626,0.11946,-2.39918
0.14301,3.30224,-1.08733
-0.0122,0.02269,-1.19321
-0.17482,2.81031,-1.52115
-1.02066,-0.77718,-5.27696
-0.09421,-0.13042,-0.03022
-0.11454,-0.13363,-0.02892
0.02766,-0.19008,-0.43215
-0.05567,-0.08115,-0.02969
0.0,0.0,0.0
0.80584,0.06711,0.007
-0.14773,-0.15705,0.04747
-1.20136,-1.06445,-0.61182
-0.02927,-0.1194,-0.07277
-0.01818,0.01481,-0.12556
-0.26989,-0.27174,-1.27657
-0.17062,0.08847,-1.79311
0.0,0.0,0.0
0.15887,0.13126,-0.27364
0.61139,4.67187,-1.76424
0.35753,3.80326,-1.60315
0.0,0.0,0.0
-0.52375,-0.31494,-2.05202
0.56257,0.23749,-0.0375
0.10645,0.07199,-0.1727
-0.38618,-0.02892,-2.00174
-0.01192,0.01657,-0.0051
-0.1095,0.01345,-1.62549
-0.081,0.17148,-0.12466
0.0,0.0,0.0
-0.47732,-0.25717,-0.33132
-0.31136,0.04212,-2.004
0.3395,5.31341,-1.69257
0.462,4.24901,-1.54095
-0.33181,-0.15856,-2.1505
0.0,0.0,0.0
-0.68086,-0.96498,-4.35432
-0.2103,-0.77717,-2.5063
-0.28908,-0.85084,-2.90165
-0.20248,0.4565,-0.38341
0.0,0.0,0.0
0.1414,-0.15319,-0.46026
0.0,0.0,0.0
-0.0136,0.02646,-0.0174
0.31458,-0.0201,-2.19321
0.0,0.0,0.0
-0.5719,-0.533,-0.20275
0.24631,-0.13289,-2.06223
0.0,0.0,0.0
0.05506,0.04762,-0.85814
0.09071,0.02709,-0.54613
-0.66938,-0.6205,-0.19251
-0.51789,-0.49336,-0.16271
0.33081,-0.55734,-2.55856
0.0,0.0,0.0
0.45408,0.07278,-2.47264
-1.2072,-0.65273,-5.67747
0.0,0.0,0.0
0.0,0.0,0.0
0.00021,-0.0002,-0.00038
0.0,0.0,0.0
0.0,0.0,0.0
0.41268,-0.06745,-2.38593
0.0,0.0,0.0
0.0,0.0,0.0
0.15425,2.75385,-0.84494
-0.09061,-0.10202,0.12731
-0.45581,-0.32201,-0.39145
-1.09821,-0.97226,-0.51857
-0.59776,-0.17011,-2.22258
0.0,0.0,0.0
-0.559,-0.53231,-2.30052
0.0,0.0,0.0
0.0,0.0,0.0
-0.09993,-0.1275,-0.02663
0.0,0.0,0.0
0.0,0.0,0.0
-0.50239,-0.52415,-0.40807
-0.36491,-0.48435,-0.35583
-1.10451,-1.02399,-0.60196
-1.3481,-0.70959,-6.40524
0.0,0.0,0.0
0.50811,4.22834,-1.70191
-0.06521,0.00633,-0.19955
-1.64574,-1.35442,-0.76993
0.0,0.0,0.0
0.09114,0.09952,-0.63832
-0.29199,2.0643,-1.68004
-0.12164,-0.15997,-0.03375
0.0,0.0,0.0
-0.58955,-0.45106,-0.12103
0.86014,5.51677,-2.11992
0.0,0.0,0.0
0.79878,5.34811,-2.26572
-0.01597,-0.00709,-0.08699
-0.05944,0.05303,-0.0763
0.09932,-0.75302,-2.75018
-0.1671,0.15395,-0.48605
-0.37811,1.60893,-1.77775
-0.05088,-0.0433,0.01787
-0.15531,2.66488,-1.51648
-0.78936,-0.77173,-0.16378
-0.18674,2.77357,-1.53922
-1.66031,-0.71806,-7.7342
0.5528,0.58562,-0.03095
-0.04433,3.30487,-1.63608
-0.28831,-0.13671,-2.13616
-0.08245,-0.10261,-0.02803
-0.0506,-0.11214,-2.32168
0.52666,4.67859,-2.08998
0.0,0.0,0.0
0.0,0.0,0.0
0.0,0.0,0.0
0.0,0.0,0.0
-0.08841,0.03998,-0.10892
-0.24737,-0.47696,-2.31716
0.07161,3.58341,-1.73619
-0.12858,2.82158,-1.61657
0.00054,-0.00103,-0.00048
-0.23185,0.12245,-1.89349
0.147,0.1296,-0.34891
-0.2221,-0.22993,-0.04787
-1.60361,-0.38265,-6.22067
0.00129,-0.00143,-0.00098
0.0611,0.01036,-0.04997
0.89531,-0.05459,0.21509
-0.20075,-0.17051,0.05134
-0.2111,0.17299,0.10033
0.01673,-0.15522,-0.05081
0.12625,0.05845,-0.15421
-0.00108,-0.00013,0.00785
0.03721,-0.09608,-1.38022
-1.09421,-0.34404,-4.37728
-0.09511,-0.18569,-3.49376
0.29231,0.46839,-0.04614
0.0,0.0,0.0
0.0405,0.01488,-0.24166
0.0,0.0,0.0
0.10106,0.06196,-1.29354
0.0,0.0,0.0
0.0,0.0,0.0
-0.00076,-0.00089,-0.00045
0.14758,0.16204,-0.29793
-0.00272,-0.0023,0.00136
0.43098,-0.49011,-2.70859
0.38403,3.8265,-1.56827
0.0,0.0,0.0
-0.11294,-0.79418,-2.60824
-0.27898,0.43395,-0.53986
0.00963,-0.02558,0.00883
0.77249,0.01336,0.10329
-0.0869,-0.11604,-0.03238
0.77359,0.19713,-0.04217
0.09848,0.02325,-0.51492
-0.18744,-0.12959,-1.12423
0.30183,0.19698,-2.16824
0.10731,0.05751,-1.23837
-0.00645,0.00096,-0.01259
-0.52902,-0.35161,-0.28146
0.00042,-0.18235,-0.46911
0.0,0.0,0.0
-0.0062,0.00171,-0.00066
0.16753,0.2655,-1.93479
-0.54182,0.45392,-2.02891
0.0,0.0,0.0
-0.36005,-0.39019,-2.37611
0.0,0.0,0.0
0.0,0.0,0.0
0.0,0.0,0.0
0.0,0.0,0.0
0.22813,4.49317,-1.48469
0.0,0.0,0.0
0.0,0.0,0.0
-0.33187,-0.82726,-2.89264
0.0,0.0,0.0
0.0,0.0,0.0
-1.58417,-1.28365,-0.71026
0.06731,0.04265,0.00747
-0.70624,-0.63814,-0.21898
-0.24074,-0.24275,-1.31764
-1.01107,-0.32254,-3.93339
-0.46955,-0.10717,-2.12118
0.0,0.0,0.0
-1.09273,-1.00532,-0.58807
0.01067,0.02632,-0.37317
-0.17296,-0.13674,-1.58848
0.12161,0.13803,0.0473
-0.54276,-0.04547,-2.14885
-0.50942,-0.31401,-2.20626
0.0,0.0,0.0
-0.00521,-0.00142,-0.04375
-0.48163,-0.97234,-3.61006
-0.28922,-0.8788,-3.06931
-0.11917,-0.83468,-2.90369
-0.88793,-1.06419,-5.38769
-1.66118,-0.82776,-8.04044
-0.00201,-0.0021,-0.00245
0.0,0.0,0.0
0.01001,-0.04207,-0.09961
0.0,0.0,0.0
0.07078,0.08944,-0.69174
-0.05852,-0.19233,-0.82693
-0.49198,-0.39429,-0.20112
0.0,0.0,0.0
0.39022,-0.44733,-2.44212
0.0,0.0,0.0
0.0,0.0,0.0
0.1248,0.17176,-0.32611
0.0,0.0,0.0
-0.38116,-0.37165,-0.08489
0.0,0.0,0.0
0.15569,0.11787,-0.26416
-0.12532,-0.13967,-0.02235
-0.09331,3.24973,-1.08712
-1.02627,-1.2729,-6.49615
0.47271,-0.18717,-2.50481
0.87916,0.48559,-0.06949
-0.26681,0.09694,-1.95575
-0.00017,0.00021,-0.00045
0.0,0.0,0.0
-0.00021,-0.00105,-0.00059
0.00926,-0.03622,-0.10689
0.0,0.0,0.0
-0.02974,-0.02315,-0.16501
0.0,0.0,0.0
0.0,0.0,0.0
0.0,0.0,0.0
-1.05048,-0.93423,-0.49959
-1.5847,-1.39218,-0.86614
-0.12403,-0.19918,0.12244
0.0,0.0,0.0
-0.54882,0.78035,-2.00525
0.0,0.0,0.0
0.01363,-0.00104,-0.05924
0.0,0.0,0.0
0.08252,0.09334,-1.867
-0.00116,-0.0007,-0.0004
0.24532,0.2515,-0.39047
0.66877,4.89477,-1.85679
0.16103,0.1213,-0.28945
0.02715,0.0842,-1.96198
0.0454,-0.13195,-0.65447
-0.29022,0.50875,-0.56445
-0.0106,-0.02363,-0.0234
-0.08781,0.04759,-0.25318
-0.16204,0.09739,-0.37939
0.03831,3.56634,-1.68948
-0.11615,-0.09252,-1.3379
-0.11713,0.02879,-0.23225
0.0,0.0,0.0
-1.25068,-1.12242,-0.65906
-0.48187,1.09496,-1.89745
0.0,0.0,0.0
-1.39584,-1.22713,-0.72631
-0.21212,2.3436,-1.58855
-0.1663,0.20519,-0.57762
0.93436,0.00565,0.14704
0.0,0.0,0.0
0.0,0.0,0.0
0.0,0.0,0.0
0.51966,-1.75938,-6.49816
-1.70257,-0.61607,-7.58533
-1.55143,-0.39735,-6.11288
-0.18048,0.08049,0.09103
0.09999,0.01819,-0.08184
0.19943,0.22009,-0.36429
0.0,0.0,0.0
-0.172,-0.89191,-3.25467
0.11822,2.36612,-0.67279
-0.04905,-0.21461,-0.65487
-0.53667,-0.91129,-3.70695
0.11872,0.04299,-0.9274
-1.40513,-1.17082,-0.65334
0.0,0.0,0.0
-0.09383,0.02783,-0.67636
-1.21597,-1.07122,-0.59853
-0.60099,0.51796,-2.13986
-1.24698,-1.13112,-7.04365
0.51193,0.20579,-2.59191
-0.83615,-0.88708,-0.54793
-0.17812,-0.20224,-0.03681
-0.28947,-0.94276,-3.39448
-0.75583,-0.67992,-0.50544
-0.54435,-0.31651,-0.29136
-0.45237,-0.2454,-0.35743
0.0,0.0,0.0
0.0,0.0,0.0
0.0,0.0,0.0
-0.82794,-0.81466,-0.14911
0.0,0.0,0.0
0.04823,-0.21758,-0.51404
-0.44486,-0.92213,-3.41057
-0.77875,-1.03905,-4.89427
0.0,0.0,0.0
0.39038,-0.60367,-2.92856
-0.57967,0.17798,-2.11159
-1.57452,-1.04859,-8.28727
0.0,0.0,0.0
0.0173,-0.17203,-0.47995
0.0,0.0,0.0
0.3117,-0.66993,-2.90091
0.0,0.0,0.0
-0.54994,-0.16176,-2.18769
0.0,0.0,0.0
0.0,0.0,0.0
0.06008,0.26545,-1.7654
0.00087,-0.00147,-0.00122
-0.4222,-0.37981,-2.33746
-0.06716,0.33059,-1.58784
0.0,0.0,0.0
-0.0404,0.0957,-0.29722
0.00161,-0.00125,-0.00049
-0.03393,2.87754,-0.92514
-1.11761,-0.96703,-6.10045
0.0,0.0,0.0
0.0,0.0,0.0
1.00328,-0.10793,0.48304
0.0,0.0,0.0
0.0,0.0,0.0
-0.13903,0.3115,-0.25044
-0.59651,-0.55814,-0.12579
-1.31109,-1.15897,-0.68894
-0.07206,3.23882,-1.61023
-0.0606,-0.1579,-2.94871
-0.00152,-0.00123,-0.00056
0.09712,-0.06769,-0.86696
0.00327,-0.01023,0.00126
-1.35543,-0.31784,-5.02619
-0.59666,-0.15193,-0.98507
-0.0827,0.17224,-0.13393
0.65068,0.65001,-0.02781
-0.24359,0.46031,-0.46802
-0.08023,-0.12494,-0.02435
0.01613,0.00187,-0.06094
0.18536,0.24629,-0.41475
0.0,0.0,0.0
0.03675,-0.10994,-0.13005
0.00687,-0.06679,-0.16697
0.00689,3.55675,-1.65778
-0.03574,-0.08482,-1.31415
0.0,0.0,0.0
0.0528,0.11204,-2.31994
0.16702,-0.15115,-0.47542
-0.56832,-0.50729,-2.29051
-0.71646,-0.65182,-0.2183
0.0,0.0,0.0
0.08081,0.08868,-1.78826
-0.30463,0.61012,-0.59609
-0.15643,-0.16459,0.00743
0.0,0.0,0.0
-0.0601,-0.17473,-2.70706
0.05058,0.0094,-0.02145
0.0,0.0,0.0
-0.00667,0.00074,-0.01279
0.0,0.0,0.0
0.0,0.0,0.0
0.03996,3.564,-1.69152
